,0,1,2,3,4,5,6,7,8,9,10,11,12,13,14,15,16,17,18,19,20,21,22,23,24,25,26,27,28,29,30,31
0,2.7588097232151426e-07,4.919684181432578e-07,1.2017650815698653e-06,3.4266654533019826e-06,1.008152484453164e-05,2.998302155878887e-05,8.804661346146017e-05,0.00025496714812839983,0.0007220650272702956,0.0019924742742414513,0.005311804467279229,0.013541267165478384,0.032469625371966876,0.0713855086259587,0.1380564224648465,0.21440901605353785,0.22688700328235165,0.15454883129013705,0.08017834557967052,0.036112857617592434,0.014877186644503299,0.005782023220608053,0.0021491330338305813,0.0007747287066314543,0.0002716428093298542,9.363962828810153e-05,3.164944590842627e-05,1.0669108948818169e-05,3.579016344205374e-06,1.2669746836128938e-06,5.010937667679652e-07,2.845089070921926e-07
1,2.7588725019635727e-07,4.920479445859341e-07,1.2017335051458963e-06,3.4268037791573285e-06,1.0081402153877886e-05,2.9983406582508977e-05,8.804607287893985e-05,0.00025496858408991945,0.0007220620323375614,0.0019924831168649966,0.005311782546000383,0.013541322849327271,0.03246953763398435,0.07138555099322531,0.13805668552088005,0.2144079087957665,0.22688898534739332,0.1545468880478036,0.08017958468984292,0.036112236889822555,0.014877444573496892,0.005781932607330417,0.002149163596392934,0.0007747194665265829,0.00027164567681810107,9.36390364470892e-05,3.164959917533643e-05,1.0669219903712384e-05,3.578989618938711e-06,1.2670626974912882e-06,5.011993110513612e-07,2.8457084837123746e-07
2,2.7611326948525364e-07,4.920038524371584e-07,1.2020914460545284e-06,3.426627792337662e-06,1.0082145812385648e-05,2.998284415659591e-05,8.804782933548504e-05,0.00025496674635422416,0.000722069797819728,0.0019924597997053374,0.005311869233528188,0.013541097912287615,0.03247003491866019,0.0713845987304528,0.1380578172755874,0.21440672245786502,0.22689027418779223,0.1545459309419381,0.08018030576557968,0.03611152279007571,0.014877973260132245,0.005781600849534554,0.0021493482289628983,0.000774632930536252,0.0002716846466582521,9.362352585311666e-05,3.165644239720097e-05,1.0666831696539766e-05,3.580303661763902e-06,1.2666905414201243e-06,5.015552170564543e-07,2.84521497860651e-07
3,2.769760656541324e-07,4.910431734107553e-07,1.2037138716076058e-06,3.4243211373091347e-06,1.0087109370098187e-05,2.9973684344172746e-05,8.806908284456517e-05,0.00025492313617820575,0.0007221605781200977,0.0019923031838389757,0.005312102982720532,0.013540833876794282,0.032470232060508114,0.07138431970789944,0.1380579846689938,0.21440648458817957,0.22689071296467592,0.15454588189330418,0.08018027992103209,0.03611144095116974,0.014877955795728724,0.005781586968872716,0.0021494032320917137,0.0007745689716429377,0.00027173992916969817,9.358828422660022e-05,3.167747245934139e-05,1.0656336889291924e-05,3.5857512876281813e-06,1.2641300230111714e-06,5.030568140088486e-07,2.836265725676045e-07
4,2.7959916214222024e-07,4.890063061889234e-07,1.208767233722757e-06,3.4182811968567153e-06,1.0100599959503608e-05,2.995293553464574e-05,8.809927916522876e-05,0.00025488879240641787,0.0007221842352437587,0.00199230653480982,0.005312087045928341,0.013540831068611333,0.032470184680027894,0.07138435875171144,0.13805782623321525,0.21440607764181147,0.22689110508303167,0.15454626885507045,0.08018022692578672,0.036111334568261856,0.01487790245207334,0.00578159673223452,0.002149388318933029,0.0007745944464510697,0.00027172055439679635,9.359522189600439e-05,3.1679345349183935e-05,1.0652213183700631e-05,3.59192651056974e-06,1.261393965747353e-06,5.060629438221698e-07,2.8244758760046184e-07
5,2.831563509065522e-07,4.893917465972291e-07,1.2122910579976937e-06,3.414856435540656e-06,1.0101909836320557e-05,2.9955418571115072e-05,8.809273033212852e-05,0.000254896610743016,0.0007221853840080255,0.0019923065998560387,0.005312077003345342,0.013540807816358979,0.032470273158721794,0.07138446860903974,0.13805737183541322,0.21440475246246998,0.22689190679384594,0.15454721757819753,0.08018037290263451,0.036111128245112284,0.014877833380289609,0.0057815632794716645,0.002149398678885759,0.0007745932280535209,0.0002717256746134031,9.3594383043862e-05,3.167683238006185e-05,1.0655737583780672e-05,3.5887319124182977e-06,1.2631337545522478e-06,5.081840832304395e-07,2.840018510578338e-07
6,2.817138552700997e-07,4.935035040212653e-07,1.2055391080857213e-06,3.423690334643283e-06,1.0095019040832414e-05,2.9964043988068504e-05,8.808503786537286e-05,0.0002549073175942304,0.0007221811045388762,0.0019923008051610644,0.005312060242402217,0.013540851365878556,0.03247055855098228,0.07138465037225675,0.13805617133870596,0.21440195473542406,0.2268933198389077,0.15454928723082612,0.08018087424290293,0.036110835605811735,0.014877707325907142,0.005781484734957209,0.0021494118535175842,0.0007745869249128555,0.0002717342464453324,9.359157699268827e-05,3.167928773486017e-05,1.0655511913675616e-05,3.5906429128225492e-06,1.2629904478955387e-06,5.06370718970834e-07,2.872344500018292e-07
7,2.7892667015464345e-07,4.939419382619121e-07,1.20529857851523e-06,3.4308609101027264e-06,1.0082541477071136e-05,2.9985612868339908e-05,8.805449960044246e-05,0.0002549583212317127,0.0007221098268180556,0.0019923685464041762,0.005311958371290782,0.013541187236064237,0.03247091907819425,0.07138504630704215,0.13805337438317006,0.21439725441308732,0.22689532663301462,0.15455340890013816,0.08018185894213042,0.03611060888941986,0.014877398799686749,0.005781396485146048,0.0021493804954019493,0.0007746027476016157,0.000271726440529214,9.360412377522067e-05,3.167082780256978e-05,1.0662800502143854e-05,3.5856593049270115e-06,1.2693494454321284e-06,5.039278108978147e-07,2.8681294447932414e-07
8,2.797690187231756e-07,4.945214514103971e-07,1.20474090576458e-06,3.4283476691096034e-06,1.0085020480291446e-05,2.9987657025059463e-05,8.804611498764904e-05,0.00025499188579613933,0.0007220185432956934,0.001992496075104718,0.005311806190408706,0.013541967230815593,0.03247125652176997,0.07138571148076706,0.13804796651226894,0.21439016114645687,0.2268978414282332,0.15456074415112425,0.08018348851657696,0.036110736895973834,0.014876727911913334,0.005781371486741249,0.002149215096206275,0.0007746886634560756,0.0002716747343794575,9.364211202796231e-05,3.165172630156287e-05,1.0672605803441442e-05,3.5815455293730564e-06,1.2692505877047597e-06,5.041031123600985e-07,2.880138112993784e-07
9,2.796977923602172e-07,4.952812390441089e-07,1.2050246977885754e-06,3.4301794022093516e-06,1.0084198848114031e-05,2.9988278399508252e-05,8.805383111292404e-05,0.0002549602020261505,0.0007220319641739869,0.0019924733944215183,0.005312012181741446,0.013542805863654549,0.0324721138766034,0.07138585691772213,0.1380396126002223,0.2143793820599589,0.2269013286121565,0.15457220312552122,0.08018625970948073,0.03611140955245242,0.01487569828220057,0.005781319705022507,0.0021489729762413762,0.0007747472718639619,0.00027165633220498455,9.364743693276932e-05,3.165507155869782e-05,1.0670848265257044e-05,3.582771600386023e-06,1.2702040075014958e-06,5.045736274270869e-07,2.8797484741354744e-07
10,2.796535515660286e-07,4.956152415463067e-07,1.2048980063307218e-06,3.4303983263352805e-06,1.0085175678717405e-05,2.9990568310726992e-05,8.804547656068431e-05,0.0002549561072244211,0.000722001282482232,0.001992527155949422,0.005312492445834016,0.01354369316073307,0.03247388978259529,0.07138423797489274,0.13802884089106043,0.21436213884607971,0.2269079268701964,0.15458719475156124,0.08019204086847338,0.03611189986541546,0.014875020939139807,0.0057807652732848195,0.0021488627861765315,0.0007746789167796357,0.0002716744300190687,9.365288678975705e-05,3.165459763288216e-05,1.0673086569633856e-05,3.581645645023971e-06,1.2705710145789778e-06,5.046888824223353e-07,2.883898919386349e-07
11,2.798961793849808e-07,4.952738569437458e-07,1.2048675687481495e-06,3.431175552093394e-06,1.0086675967964903e-05,2.9989513136601505e-05,8.803716694252027e-05,0.0002549274606000547,0.0007220142119968891,0.001992681997817703,0.005313117882973736,0.013545203357900841,0.032475623321414744,0.07138151753398048,0.13801399280730875,0.2143373110823236,0.22691876406990466,0.15460559113291636,0.0802023672996161,0.036112155334694036,0.014874746151077905,0.005779897169832035,0.0021486668551294595,0.0007745803206135472,0.00027168758274738453,9.364937584703248e-05,3.1662584322947005e-05,1.067238281562546e-05,3.5826902105097972e-06,1.2700796781789703e-06,5.044166892631405e-07,2.8832838395173315e-07
12,2.8064528053602574e-07,4.948232350601502e-07,1.207057941492318e-06,3.430212662195272e-06,1.00905312194193e-05,2.997844481337366e-05,8.803666390084167e-05,0.00025488609454573426,0.0007220927862538234,0.001992886686964583,0.005314229987194667,0.013546752530819254,0.0324779350021413,0.07137689877381632,0.13799326270887574,0.2143065906079961,0.2269299405674784,0.1546326030652605,0.08021484535486986,0.036114294912180316,0.014874253100526385,0.005778877345300575,0.0021484214594668567,0.0007743606512391923,0.00027172118112294053,9.363013555324702e-05,3.1682905185527397e-05,1.0665944177266148e-05,3.5870287297611223e-06,1.2686646771285331e-06,5.063180165291372e-07,2.878085550972167e-07
13,2.8196532131534295e-07,4.935746949437799e-07,1.211043673663583e-06,3.4254460890574543e-06,1.0098715951632217e-05,2.995368854276854e-05,8.804624302211172e-05,0.00025483119202322795,0.0007222696477910827,0.0019932164437100925,0.005315622562757185,0.013548914555366226,0.03247969268198628,0.07137099313490994,0.13796525354369352,0.21426822719926283,0.22694347830624423,0.15466725907569942,0.08023148835777048,0.03611827051691454,0.01487359401422709,0.005778038982631095,0.002147855631454215,0.0007741534563466005,0.00027170102576611055,9.361199782234876e-05,3.170339105275355e-05,1.0659890295090272e-05,3.5937232520826023e-06,1.2650855148090034e-06,5.089096532410959e-07,2.859965600438062e-07
14,2.844215830648773e-07,4.920502015900401e-07,1.2154600473479925e-06,3.4203820255079303e-06,1.0103924043324506e-05,2.9928931992952152e-05,8.804511973915372e-05,0.00025483145374586685,0.0007224495133183244,0.001993883814325928,0.005317110441876566,0.013551660292876286,0.03248111673793205,0.07136245146276242,0.13793022837367633,0.21422034776082646,0.22695994436744013,0.15471016979908242,0.08025356358261919,0.03612381947397669,0.014873602593982514,0.005777028002035339,0.002147149109028455,0.0007739171753735781,0.0002715907490738512,9.361994021102583e-05,3.170225384791089e-05,1.0666312892302905e-05,3.5965031304121653e-06,1.264515608365441e-06,5.100284647828697e-07,2.854522595892207e-07
15,2.840798455229163e-07,4.93654012445089e-07,1.2143269147541469e-06,3.4226045110726555e-06,1.0090850103232291e-05,2.9926028113747683e-05,8.801664006231902e-05,0.000254903585128149,0.0007227036187258016,0.00199472718133804,0.005319059057156624,0.013554453502594212,0.032482283377064575,0.07135098655695746,0.13788682201419386,0.2141624576056986,0.22697942702281446,0.15476220865230933,0.0802814083796785,0.03613190768836334,0.01487414031990927,0.0057760179232619864,0.0021464232378598513,0.0007735153376406082,0.00027147788547021267,9.35927782186993e-05,3.170101124887204e-05,1.0676683330031554e-05,3.5950201623444044e-06,1.2684057338463538e-06,5.083176726084632e-07,2.8665390569135006e-07
16,2.8102743224569104e-07,4.983102935081761e-07,1.2069252221613789e-06,3.427700251166534e-06,1.0069310302932551e-05,2.9928291159175487e-05,8.800295323492359e-05,0.0002550172486152473,0.0007230664063050278,0.0019958330637712056,0.0053211554005671655,0.013557688667165725,0.032482494178138234,0.0713363140893313,0.13783443980082036,0.21409384955930258,0.2270013530384165,0.15482468039565386,0.08031568016828254,0.03614273698256468,0.014875575166115986,0.005775194539221237,0.002145545471350056,0.0007730833505208141,0.00027128884656841363,9.354668612542105e-05,3.169962814814623e-05,1.068127161878408e-05,3.5968137574086043e-06,1.2696367241811406e-06,5.064836390244808e-07,2.885893797654652e-07
17,2.8123745370098564e-07,4.970336992973556e-07,1.2054653401506116e-06,3.423804117925258e-06,1.0054724425284075e-05,2.9932748725323363e-05,8.799632448868606e-05,0.000255231071665171,0.0007234767963188709,0.0019972308881551,0.0053234029777313036,0.013561151811107236,0.03248151102129078,0.07131839136671445,0.13777174551473356,0.21401427026662764,0.22702572685467684,0.15489819363557128,0.08035675443206537,0.03615710982731835,0.014877933738902824,0.005774737930215218,0.002144598009001974,0.0007725914602447527,0.00027102712363137366,9.349893408790999e-05,3.166962925879039e-05,1.0693707271298168e-05,3.594095125919503e-06,1.2733515389226477e-06,5.056323780863392e-07,2.885861166211466e-07
18,2.8091645985888095e-07,4.952741586771629e-07,1.2038947198809456e-06,3.416173509751316e-06,1.0048881851236771e-05,2.992807612962772e-05,8.805247075099705e-05,0.00025545039903494745,0.0007240773773212663,0.001998770983562741,0.005325855322019769,0.013564580416322063,0.03247936991162477,0.0712964734271468,0.137698569995912,0.21392282243023814,0.2270525320464991,0.15498335913221947,0.08040518429444196,0.03617539727569584,0.014881557658341916,0.00577474984430957,0.002143616371906153,0.000772095503259325,0.00027069539876040176,9.342026491200055e-05,3.163394975370425e-05,1.0695329662991578e-05,3.595886711613113e-06,1.2762996023972938e-06,5.063413201252522e-07,2.884518407069645e-07
19,2.7980442539270577e-07,4.949841467963802e-07,1.1981364168855547e-06,3.412395361374014e-06,1.0041565513443173e-05,2.9939063792555323e-05,8.813950799139076e-05,0.00025571494596295525,0.0007248730349694521,0.00200030793077076,0.005328718726969615,0.013567430214149146,0.03247640552666989,0.07126944397014903,0.13761558877623825,0.21381770699760383,0.22708272676488578,0.15507976505962764,0.08046219579955574,0.03619751713237194,0.014886965985496235,0.005775190900623607,0.00214283203729771,0.0007715021664765907,0.00027037587461603926,9.327761056508916e-05,3.1593198543120245e-05,1.0685577334710152e-05,3.599449058066632e-06,1.2788501850359718e-06,5.081330009110552e-07,2.8987923105822824e-07
20,2.7857318340387303e-07,4.939605528025684e-07,1.1954091266916425e-06,3.404497401534611e-06,1.0037302812781124e-05,2.9969392614573292e-05,8.824902820932144e-05,0.0002560842066546657,0.0007257076734910817,0.0020020503968040584,0.00533161509495842,0.013569845372025045,0.03247224398486556,0.0712369652611232,0.13752291565859479,0.21369750733833218,0.22711749912010748,0.1551864897969061,0.08052921619556867,0.03622315147976404,0.014894800650923707,0.005775983399779456,0.0021424186533417606,0.0007708456926153384,0.00027004191411544284,9.310566591283163e-05,3.153063521474037e-05,1.0670883637571544e-05,3.596608370800518e-06,1.28404039461581e-06,5.116017556048656e-07,2.9051084155739295e-07
21,2.810201465293209e-07,4.905030406608084e-07,1.1897931419899353e-06,3.3982806804130564e-06,1.0045676565445921e-05,3.000677882296762e-05,8.841632786553255e-05,0.0002564787613982282,0.0007266740783095602,0.002003877623190348,0.005334401260658989,0.013572028300414424,0.03246601343701854,0.07119996713713461,0.1374187148845736,0.21356363007153426,0.2271551031136545,0.15530503168936124,0.08060564143962634,0.03625329099009203,0.014904821231562525,0.00577761299059958,0.002142254464387248,0.0007702562748172328,0.0002696891628850122,9.289316991026405e-05,3.146198701294496e-05,1.0640961199697487e-05,3.5982824974514413e-06,1.2835154170827964e-06,5.141032516983448e-07,2.9268922907105327e-07
22,2.815957550411347e-07,4.877839077724852e-07,1.190454164162812e-06,3.391700169868232e-06,1.0063414957003635e-05,3.005749714102632e-05,8.862261037987503e-05,0.0002569254146863987,0.0007277479002653862,0.0020056410197667076,0.005337286488609744,0.013573360898209102,0.032458155288989335,0.07115793526925784,0.13730235484529427,0.213417557106324,0.22719273653421782,0.15543818713286092,0.08068964500059782,0.03628946007141962,0.014916670365013032,0.005780412430214734,0.0021424145991295438,0.0007697263231360484,0.00026936612032340927,9.264900291820699e-05,3.138379371275847e-05,1.0598063111443452e-05,3.5973446625608077e-06,1.2830391540651358e-06,5.192002164512105e-07,2.9169143407561177e-07
23,2.8292255844960293e-07,4.849022786569408e-07,1.190989477431805e-06,3.388731840612207e-06,1.0092853163359041e-05,3.0122165262951714e-05,8.886917090918777e-05,0.00025741104717468954,0.0007288545708264971,0.00200747876330612,0.005339806879248547,0.013574286683699317,0.03244799034653499,0.07111090214102733,0.13717467030114147,0.21325708668500384,0.22723308438494583,0.15558300444765708,0.08078357788136796,0.03633070753477782,0.014931024720897159,0.005784444293664836,0.002142850111910589,0.0007694422166292721,0.00026899857255475426,9.243020356069775e-05,3.1282551766679164e-05,1.0552316791506633e-05,3.5898899937992833e-06,1.2786061539780297e-06,5.21766683382522e-07,2.913471912640471e-07
24,2.8194667904770053e-07,4.848837970340462e-07,1.1928707052064967e-06,3.395157734944337e-06,1.0125944193012357e-05,3.0218919497022625e-05,8.911339722559599e-05,0.0002579749521805922,0.0007299169760368279,0.0020093303997152454,0.0053420371300775555,0.01357443671693904,0.03243569592813302,0.07105863332739719,0.1370358739191952,0.2130822142724099,0.22727580640219477,0.1557392406986834,0.08088777025337483,0.03637700942574571,0.014948295255202292,0.005789554757406317,0.002143848715626003,0.0007693089943615177,0.0002686764647085324,9.223481620887151e-05,3.11583554483529e-05,1.0512334693600793e-05,3.5691859888475065e-06,1.2757937473630627e-06,5.20956220630021e-07,2.908484723770838e-07
25,2.8033715813165115e-07,4.873033964121522e-07,1.1923080659967148e-06,3.416570952626504e-06,1.0156140934842498e-05,3.0348993499693634e-05,8.935774749249697e-05,0.0002585697122472168,0.0007309627571889239,0.0020110848449067568,0.005343969464830979,0.013573651408070625,0.03242132162003586,0.07100106840607288,0.1368860237642005,0.21289397327154017,0.22731871414789157,0.1559085495880026,0.08100099069581482,0.03642922274951298,0.014968265485414127,0.005795959077286368,0.0021454440634216384,0.000769358362739135,0.0002684689850441188,9.203765995556673e-05,3.104498806924091e-05,1.0460963768672609e-05,3.5420721909762216e-06,1.2702188725233302e-06,5.142896315167533e-07,2.920017898449215e-07
26,2.7808123256197627e-07,4.917788530277973e-07,1.1954154845342513e-06,3.4437975216634942e-06,1.0201311756331695e-05,3.0489356772355137e-05,8.9615481054787e-05,0.000259165229652325,0.000731936359281855,0.002012782959275623,0.005345346100041515,0.013572237298201534,0.0324042089831751,0.07093921723440759,0.13672462315188505,0.2126926058006891,0.22736229282610404,0.15608950760189844,0.08112389204007195,0.036487251051880075,0.014990875410336503,0.005803937942199053,0.0021475240511808955,0.0007697652448745155,0.0002683207926744589,9.189040833765383e-05,3.093221836155078e-05,1.040322444382836e-05,3.512842026287662e-06,1.2577504765225498e-06,5.077284104069582e-07,2.905274391191726e-07
27,2.783052472297431e-07,4.940489115562637e-07,1.2091162986192108e-06,3.46936275606983e-06,1.0266391869522511e-05,3.0631511919879336e-05,8.988073773436329e-05,0.000259757363899406,0.0007328075867520983,0.0020143146915796535,0.005346239891164518,0.013569885305696333,0.03238494324681012,0.07087245751806971,0.13655270433869496,0.2124783752718775,0.22740553908028288,0.15628255546892192,0.08125577360206551,0.03655116921831945,0.015016343494608151,0.005813376021418073,0.002150276012716824,0.0007704844788874122,0.00026828912684073296,9.180951359779109e-05,3.081424345836134e-05,1.0350666864319034e-05,3.474471942134246e-06,1.242537713552705e-06,5.00741050122925e-07,2.866320310299941e-07
28,2.7795628420105407e-07,4.986781876857695e-07,1.222682432040048e-06,3.5046879020129275e-06,1.034087308499868e-05,3.077520432413147e-05,9.017223066996194e-05,0.0002602427194431361,0.000733695647795319,0.0020154450950910486,0.0053468433575588874,0.013566311684569113,0.03236385374490216,0.07080068373355158,0.13637133116973812,0.21225079410181874,0.22744928446116758,0.15648598820395265,0.08139712947496598,0.0366205604156457,0.015044779695951966,0.005824336999155768,0.002153746568818334,0.0007715478848982305,0.00026842227189658694,9.175558220143983e-05,3.073070838689382e-05,1.028913042431034e-05,3.4375739268005037e-06,1.2234355072196381e-06,4.904983327652533e-07,2.8352741450807216e-07
29,2.772419385167836e-07,5.069272532894923e-07,1.2370873010135224e-06,3.546307915865787e-06,1.0416455819615112e-05,3.09262405166646e-05,9.044756516082746e-05,0.0002607048350488674,0.0007344451647075109,0.002016255495868095,0.005347095677953339,0.013561376675508868,0.03234132643055077,0.07072372667108315,0.13618180633457336,0.21200960373334002,0.2274940028545352,0.15669826093899028,0.08154821829938755,0.03669485025990432,0.01507657174821059,0.005836566948761452,0.0021581768399055296,0.0007728754355109432,0.0002687642749637628,9.175747392785154e-05,3.066698740574374e-05,1.0227092794657863e-05,3.399334972273313e-06,1.2013816946092542e-06,4.808071609588765e-07,2.8047733450826085e-07
30,2.7779267307656035e-07,5.11065096142118e-07,1.256893475869905e-06,3.584654857700945e-06,1.0500275365841465e-05,3.108050399605303e-05,9.070167954930945e-05,0.0002611256457309156,0.0007350204831911326,0.002016851280727606,0.005346636325058733,0.013555661122949623,0.0323166763996267,0.07064269741844514,0.1359843461854335,0.21175611127308652,0.22753859380563568,0.15691881836941643,0.08170866947305071,0.03677372527494752,0.015111735419227834,0.005850178136823891,0.0021634683743236645,0.0007745657473677766,0.0002692924848072506,9.182098149530482e-05,3.063370900150688e-05,1.0174574625688789e-05,3.360698577383806e-06,1.1794583003239291e-06,4.698747283411958e-07,2.7461840671807143e-07
31,2.770765147393383e-07,5.142866301851972e-07,1.2766700158736033e-06,3.623180967925263e-06,1.059243750829624e-05,3.121176995361914e-05,9.096468444676382e-05,0.0002614364608215536,0.0007355039584638083,0.0020170835986832183,0.005345653184227644,0.013548970729322662,0.03228994702194124,0.07055874408396443,0.13577831742887236,0.21149318228978572,0.22758048799298353,0.1571485603713758,0.08187630564641618,0.036858267642030054,0.01514946860928847,0.005865510341006786,0.002169506926226637,0.0007766592184414105,0.0002700005245343981,9.19522711312038e-05,3.0640985779003705e-05,1.0124900866396902e-05,3.3339794626855745e-06,1.1546102296294226e-06,4.6004240630700865e-07,2.670757012763545e-07
32,2.8026890461744155e-07,5.166629273022842e-07,1.2967249714261294e-06,3.655924943116462e-06,1.0674081263773219e-05,3.133818625497502e-05,9.11896400909004e-05,0.00026168593568400554,0.0007358510547618546,0.002016965257836147,0.005344221971166612,0.013541081831170844,0.03226185726450315,0.07047140707696462,0.13556568653845313,0.21122113356155647,0.22761903491066013,0.15738695008679635,0.08205015979840745,0.03694838548804502,0.01518967037627575,0.005882541599123983,0.002176274440835003,0.0007791596740303093,0.0002708863840896729,9.216530575500833e-05,3.068270170295613e-05,1.0091042204888836e-05,3.3086674991479065e-06,1.133930387606196e-06,4.516724313827653e-07,2.619403021828673e-07
33,2.7871309149097315e-07,5.209103597538393e-07,1.3121074369721308e-06,3.6896688950390016e-06,1.0748440990977225e-05,3.144354759583767e-05,9.137039810437037e-05,0.0002618853138692455,0.0007359870903576649,0.0020166789667980583,0.0053420169373732005,0.013532626358938668,0.032231950812426934,0.0703814956902886,0.13534793825911434,0.21093913474754045,0.22765659322537632,0.15763000665062063,0.08223186828120271,0.037042388833561736,0.01523285521067382,0.005901032494072369,0.002183735956132018,0.0007821094623435563,0.0002718880509177684,9.250149021913518e-05,3.073953841816557e-05,1.0088432588532662e-05,3.292526386005959e-06,1.1201599140912783e-06,4.438170815497246e-07,2.57907310016377e-07
34,2.7579624414915287e-07,5.279268022178275e-07,1.3213556216249962e-06,3.722020306951219e-06,1.0794629885374879e-05,3.1549529274773754e-05,9.14777352047336e-05,0.000262041241111818,0.0007359483206094259,0.0020161123866096575,0.005339358536013707,0.013523298946975152,0.03220082091911902,0.07028956663701122,0.1351251063839928,0.2106498492843984,0.22769086917807754,0.15787838509598545,0.08241949510900531,0.03714060057248803,0.015278636521195856,0.005920832484137561,0.002191994532014116,0.0007853602512884189,0.0002730910864656604,9.291502320784306e-05,3.084355451974498e-05,1.0113536352493597e-05,3.2810689719893243e-06,1.1153848886096907e-06,4.3865392948382346e-07,2.562982907097144e-07
35,2.767509921089722e-07,5.325385867802087e-07,1.3249496390894121e-06,3.7496551375918745e-06,1.0819282680326564e-05,3.162819315532076e-05,9.153187923650512e-05,0.00026212514945401203,0.0007357334372780494,0.002015351151217007,0.005336184233490029,0.013513409262976266,0.032168642272052475,0.07019602268293464,0.13489814491447136,0.2103547772010746,0.227720489379934,0.15813233329910187,0.0826112874978378,0.03724319029196408,0.015326472883605828,0.005941997771255476,0.00220089281279574,0.0007889466291599247,0.00027447112966471677,9.340748268210302e-05,3.100332590355991e-05,1.0156796259123131e-05,3.287498908552394e-06,1.116769142442372e-06,4.344872411706181e-07,2.583901676238728e-07
36,2.772783717175128e-07,5.352012231456202e-07,1.3291897214942471e-06,3.7615851714824172e-06,1.0837008107026121e-05,3.166451738289304e-05,9.15331425755858e-05,0.0002621179786358888,0.0007353684594746763,0.002014405261597594,0.005332528631512613,0.01350339224154413,0.03213507606025978,0.07010214982277013,0.13466762435560448,0.21005438527994041,0.22774686727218194,0.15838879014980056,0.08280795827369686,0.03734901044484095,0.015376168390606121,0.0059645116215690675,0.0022102250421509534,0.0007929402936040001,0.00027596623254303923,9.400801791005648e-05,3.120200783205634e-05,1.0234513813912316e-05,3.31099172912896e-06,1.1244429245314105e-06,4.3677207849414e-07,2.595188252540675e-07
37,2.780888008939145e-07,5.363115255951218e-07,1.332864895987587e-06,3.757184195421597e-06,1.0837704621333704e-05,3.1653992805415796e-05,9.149512826787632e-05,0.00026199511170039096,0.0007348817655877546,0.0020132327667852917,0.005328752883004207,0.013492742058072413,0.03210166872553599,0.07000679482639194,0.13443590421708299,0.20974961271402517,0.2277688008936193,0.15864812045147128,0.0830076994106066,0.0374577193462056,0.015427678187978676,0.005987833582679987,0.0022201932673704835,0.0007971693011691661,0.00027762073258140723,9.470602170108383e-05,3.1447785486677647e-05,1.0342756547357237e-05,3.3445677635947355e-06,1.1413605988637667e-06,4.450071695024619e-07,2.6098375205791604e-07
38,2.8094226835663697e-07,5.370090203458366e-07,1.3256456147838546e-06,3.7498345026138724e-06,1.0814409650367552e-05,3.160674479666411e-05,9.140214296800997e-05,0.0002617265742537894,0.0007343807535713896,0.0020117064723636667,0.005325102232905732,0.013481633536466772,0.03206843087881349,0.06991094658194907,0.1342039967605185,0.20944052078900052,0.22778858003258343,0.15890673387465165,0.08321106209095352,0.03756819512524066,0.015480659917000254,0.006011939646567221,0.002230615602674675,0.0008016121235997192,0.00027946922967618884,9.545269872142912e-05,3.1763627864083194e-05,1.047083596144046e-05,3.3988165436670354e-06,1.1646452779262628e-06,4.52657461345123e-07,2.6776655862451123e-07
39,2.820090046701058e-07,5.375528399245245e-07,1.3171845715958812e-06,3.731043797378951e-06,1.0769767832863215e-05,3.152446043749049e-05,9.123276710815264e-05,0.0002613996575696287,0.0007336952431476036,0.0020101567700101263,0.005321300345182046,0.013470482912802602,0.03203576828997992,0.06981464994510231,0.13397353059129602,0.20912870045640095,0.2278049835239927,0.15916459034874922,0.08341655459043996,0.03767960648049433,0.015535196004836884,0.006036310413765032,0.002241567548385317,0.0008062046518966913,0.0002814698216793568,9.62846920375306e-05,3.212601292895983e-05,1.062355519797349e-05,3.4680091772265947e-06,1.1936972761126969e-06,4.6813038022338593e-07,2.735216792642922e-07
40,2.867475195526559e-07,5.307886890278255e-07,1.3106337038212317e-06,3.6994989844580378e-06,1.0715822202794184e-05,3.1396919005750855e-05,9.10118584456264e-05,0.00026098092705780537,0.0007329041329645437,0.0020085450455900778,0.005317407291998051,0.013459727339857503,0.03200306808740907,0.06972017948333747,0.13374363520151117,0.20881714130048382,0.22781740441466805,0.15942052623670633,0.08362272718912116,0.03779193708731691,0.015590262177302597,0.006061188493136866,0.002252770035106463,0.0008109690786227708,0.000283610926921474,9.7179101156381e-05,3.253951260177686e-05,1.0799092203643759e-05,3.5523346433953296e-06,1.2301244123472023e-06,4.833503391471304e-07,2.7976698005503933e-07
41,2.884320457419449e-07,5.276847351994313e-07,1.2994215188047092e-06,3.6611356740334786e-06,1.0650121777576223e-05,3.122637919799928e-05,9.076435272085047e-05,0.0002604336181239448,0.0007321017308681369,0.0020067943966781024,0.005313639996101536,0.013449189429200729,0.03197114384296806,0.06962744377683712,0.13351593209238793,0.208508034750392,0.22782399073900123,0.15967532441305965,0.08382705115336764,0.03790507025373624,0.015645273192021195,0.0060864796464095774,0.002264078922655676,0.0008159309708585599,0.00028583177610785025,9.813861014571672e-05,3.299890593311103e-05,1.0989010751057472e-05,3.6534213484606487e-06,1.2670670021402075e-06,5.054122466384196e-07,2.8534412769140825e-07
42,2.9370192880194697e-07,5.228467207605052e-07,1.2885106094771314e-06,3.617069529784098e-06,1.056320687794124e-05,3.1047213083576265e-05,9.044541760902222e-05,0.00025986259117825275,0.0007312025047390207,0.002005007201490974,0.005310045399540977,0.013438865747494673,0.03194053425094325,0.06953659258576081,0.13329259116243775,0.2082011990208159,0.2278270370886133,0.15992565920270313,0.08402960535864032,0.038017670443617056,0.015700074504670366,0.006111947746286676,0.0022754569092843396,0.0008210227647487326,0.00028811397609299956,9.916447161886335e-05,3.347430475500721e-05,1.1207912549045616e-05,3.7526936918074945e-06,1.3134844834583295e-06,5.271562191426864e-07,2.935512648066414e-07
43,2.987746020869972e-07,5.215098053100839e-07,1.2698940363515548e-06,3.576025173040278e-06,1.0465619187662406e-05,3.084973703728539e-05,9.00898517322955e-05,0.0002592760005124026,0.000730182234764518,0.00200336733894412,0.00530634290431654,0.013429341757307275,0.031910911356259265,0.06944870774260574,0.13307459982714925,0.20789791487856354,0.2278274654743547,0.16016927767398187,0.08423005715484533,0.038128295293761445,0.015754751115131308,0.006137195765437635,0.002286898099650948,0.0008262097161022919,0.0002904018465453066,0.00010026130556278931,3.3952185022020765e-05,1.1446460857144715e-05,3.856705387692097e-06,1.3624490663262637e-06,5.471995306516797e-07,3.0610276587953825e-07
44,2.9919920980340643e-07,5.233982663643818e-07,1.2513653751725102e-06,3.5367683428518927e-06,1.0350231054702746e-05,3.066869790957925e-05,8.96915280867416e-05,0.00025868789270916854,0.0007291508241430092,0.002001704269241791,0.005302848360568411,0.013420412875024355,0.03188268631753167,0.06936452838907485,0.13286208863620122,0.20760181170335518,0.22782264115160156,0.1604076243403835,0.08442530437436198,0.03823734661453231,0.015808411415173404,0.006162240592398589,0.0022983044698838754,0.0008313649402115901,0.00029276749344787207,0.0001013443978306723,3.445919215789506e-05,1.1688791453358646e-05,3.959155994198575e-06,1.4159582506344514e-06,5.68789374202023e-07,3.1786684963482264e-07
45,3.029115397321098e-07,5.219714786428487e-07,1.2331222699518271e-06,3.495969518798928e-06,1.0242285008284147e-05,3.0476955062248865e-05,8.9302877969227e-05,0.0002581125796439415,0.000728070050568885,0.0020001911803066634,0.005299437761041197,0.013412286958590359,0.03185599389738237,0.06928454123720612,0.1326562594282509,0.20731379092237337,0.2278136955123065,0.1606388325729449,0.08461449001475989,0.03834425640467119,0.015860531567164108,0.0061870210489634045,0.002309485440383329,0.0008365358165802556,0.0002951013233061252,0.00010244668361085692,3.496632994035419e-05,1.1925816074718273e-05,4.068102175275103e-06,1.465089493479113e-06,5.900304212798776e-07,3.281389935094551e-07
46,3.081453034237918e-07,5.166658084248638e-07,1.2193326256808919e-06,3.455435710111308e-06,1.0148223671958683e-05,3.028461796023689e-05,8.894293298389328e-05,0.00025752915361329547,0.0007270712100347935,0.001998742348299194,0.005296249714192798,0.013405073874448881,0.03183087288444867,0.06920909602807322,0.132458557215274,0.20703413967047019,0.2278023288127643,0.16086034402819752,0.08479807502071413,0.03844739421318372,0.01591123119078468,0.00621121175140938,0.0023203398496177237,0.0008417042174172574,0.0002973639178697593,0.00010355209680282963,3.5450327801839324e-05,1.2162597027680708e-05,4.173363712574555e-06,1.5137275361673142e-06,6.091788383094887e-07,3.38253403197073e-07
47,3.099456693849288e-07,5.1736960598776e-07,1.2069530916865823e-06,3.4149500418399656e-06,1.0063629602654219e-05,3.0105431302545386e-05,8.86239536907602e-05,0.0002569733470317046,0.00072618696496224,0.001997301927389976,0.005293686661365762,0.013398116995689617,0.03180863010210134,0.06913704432585437,0.1322709941556576,0.20676366840692156,0.22778823019414374,0.16107250928445335,0.08497431696248206,0.03854650592025609,0.01596024250198249,0.0062343418798749125,0.002331054140508529,0.0008466172423876214,0.00029962113288200723,0.00010460791253968764,3.591625886036356e-05,1.238808546512808e-05,4.2653264795520195e-06,1.5603945347213519e-06,6.301343020412747e-07,3.4750886875472223e-07
48,3.145548502566099e-07,5.150805372834445e-07,1.192615474042312e-06,3.38710533847058e-06,9.988496107014354e-06,2.9959267301679413e-05,8.834997409591931e-05,0.0002564473085822607,0.0007254751084665042,0.0019959552655793595,0.00529161923428772,0.013391947232784682,0.03178858449196244,0.0690696105851386,0.1320934520852574,0.20650294650892892,0.2277737364997322,0.16127253595473134,0.08514380596107132,0.03864058967260545,0.01600721058778074,0.006256407884785515,0.002341341360492065,0.0008513207625654636,0.00030180948581947183,0.00010557368889915314,3.637820690736243e-05,1.2584722075930024e-05,4.357390172640675e-06,1.5999247555189778e-06,6.455155294609019e-07,3.574673839160124e-07
49,3.166575720435828e-07,5.134169676777127e-07,1.1872498153276813e-06,3.3589897810088558e-06,9.936317424206216e-06,2.9836750932922304e-05,8.812075933340775e-05,0.0002560568877001902,0.0007248025204946248,0.0019949983061733735,0.005289828171684957,0.013386904103081784,0.03177070786061785,0.06900691905861504,0.13192596554477096,0.2062543454341614,0.2277569785652135,0.16146214056369126,0.08530467802175871,0.038729447923866095,0.016052007496756386,0.006277017235972995,0.0023512178784337555,0.0008557023188937576,0.0003038775289912585,0.00010648101945712104,3.679244361641791e-05,1.2763075374977298e-05,4.439841360287849e-06,1.6324733268059436e-06,6.640105448798661e-07,3.615736149673788e-07
50,3.240767483592526e-07,5.088999015284976e-07,1.185908934353426e-06,3.3359177263405596e-06,9.90611686097728e-06,2.97397003804968e-05,8.797157602187788e-05,0.0002557360750747826,0.0007243624350184702,0.0019942671888463826,0.00528858979642815,0.013383094160535696,0.03175455947603642,0.06894999315320473,0.13176769674667976,0.2060194564152035,0.22773824493820288,0.16164102280619763,0.08545596025681615,0.03881342982521975,0.016093633074470995,0.0062965157040980385,0.002360315220806077,0.0008597735020529146,0.0003057954398381382,0.00010728103732204562,3.7176790321604545e-05,1.2910179933552978e-05,4.5118662236345945e-06,1.6578907624198594e-06,6.770675153697393e-07,3.667566169396977e-07
51,3.2375579673093277e-07,5.119974544528147e-07,1.184669678793084e-06,3.326661190954938e-06,9.889763898122236e-06,2.9677141814599923e-05,8.790108558535899e-05,0.0002555134548049026,0.0007241659887352694,0.001993843269709527,0.005288062012786523,0.013380151727351828,0.031741069375407806,0.06889750074413964,0.13162016390232856,0.20579832549139046,0.22771787303132413,0.16180939696113972,0.08559692228789986,0.03889216923534738,0.01613207667559627,0.006314549508376942,0.0023685648986782916,0.0008635203067154725,0.0003074696401743877,0.0001080053865015778,3.7502130196825266e-05,1.3030918802380933e-05,4.573258588848048e-06,1.6752178741989878e-06,6.905724397083454e-07,3.6892827041442493e-07
52,3.263838564150655e-07,5.127232747176663e-07,1.184932732322629e-06,3.325293581684114e-06,9.88746103344244e-06,2.967517082447768e-05,8.786094097367103e-05,0.00025548899950453416,0.0007241343195193814,0.0019938875783293347,0.005288176560228124,0.013378362353403839,0.03172982214281626,0.06884977981216679,0.1314838264590616,0.20559010229068916,0.22769858434545293,0.16196473412650303,0.08572884976557857,0.03896466543043537,0.016167363805782615,0.006330891207240547,0.0023759261345389906,0.0008668242640299294,0.000308907521469329,0.00010863932465609136,3.7750249668809054e-05,1.3147104215428308e-05,4.60585624908442e-06,1.690761211192474e-06,6.940770508671511e-07,3.7260392153748504e-07
53,3.2413118718972685e-07,5.152440152528668e-07,1.188645866929875e-06,3.340169713840523e-06,9.896775963279723e-06,2.9706778246149785e-05,8.79039855666051e-05,0.0002556111622532793,0.0007243261332516342,0.0019945046731823252,0.005288744981031686,0.013378159582265094,0.03172028957897105,0.06880743932688942,0.13135782994168996,0.2053968194266843,0.22767878837289532,0.16210845442415295,0.08585087451871537,0.03903071100496583,0.016199489470713847,0.006345284740411703,0.0023823299799544955,0.0008696637498297601,0.0003100732228113054,0.00010916832872318964,3.793720914939169e-05,1.3227916373019384e-05,4.627016512208553e-06,1.7037616314221197e-06,6.928783033792204e-07,3.728680787985226e-07
54,3.2568231394438373e-07,5.190126457626592e-07,1.190497388263936e-06,3.3615571558906423e-06,9.920047159531575e-06,2.979124253068517e-05,8.799539514790166e-05,0.0002559056979398376,0.0007247843981069011,0.0019955463114608076,0.005290175931341593,0.013379051012630493,0.03171286898206002,0.06877054259225383,0.1312414375055356,0.20521998719838813,0.2276575911600949,0.1622419709057748,0.08596123603160978,0.03909142025721633,0.016227501297143947,0.006357950103174738,0.0023876950740098824,0.0008719180899071977,0.00031102679456172,0.00010953117034103538,3.8077807249781e-05,1.327548837267146e-05,4.63536074302443e-06,1.7036796328637452e-06,6.884343647301487e-07,3.752817434099446e-07
55,3.23389867299464e-07,5.237726178545252e-07,1.202526772143463e-06,3.3849547823520094e-06,9.965722152512175e-06,2.9893805984164294e-05,8.818103894819263e-05,0.00025633726888306,0.0007254996212458606,0.0019971408066167475,0.005292191568676045,0.013381356046872324,0.03170761331617811,0.06873825274110486,0.13113628262093405,0.20505776563705375,0.22763730243136346,0.16236373171752072,0.08606103922971595,0.039145646761559516,0.016251830030439084,0.006368692877141978,0.002391868840478904,0.0008737212441441382,0.00031163932145370036,0.00010978872045427239,3.814304490047667e-05,1.3289782186783664e-05,4.632068998901931e-06,1.69991032020732e-06,6.873107559321982e-07,3.7186987657149475e-07
56,3.273246612884949e-07,5.250778238081344e-07,1.2128234297806766e-06,3.4128336925585102e-06,1.0032217713938894e-05,3.0024523231482273e-05,8.84565853681184e-05,0.00025687433469383236,0.0007265581427418761,0.001999055695000394,0.005295145374654945,0.013384667068170793,0.03170474128271098,0.06871060510386709,0.13104227225251744,0.2049098384569185,0.2276194783680387,0.16247230632061316,0.08615120815311479,0.03919270834470246,0.016272646628527565,0.006377308206618311,0.002394998627829397,0.0008749425118642001,0.000311970710880896,0.00010991096633268696,3.813591831645102e-05,1.3284310696111346e-05,4.61322197017548e-06,1.689346333379407e-06,6.786919343937131e-07,3.7057503057168413e-07
